--- Decision Tree Classifier ---
train accuracy: 0.709 validate accuracy: 0.6
--- Bagging Tree Classifier ---
n_estimators: 15
train accuracy: 0.731 validate accuracy: 0.61
--- Random Forest Classifier ---
1 1 0.608 0.5625
1 2 0.619 0.59
1 3 0.658 0.5825
1 4 0.658 0.56
1 5 0.668 0.585
1 6 0.676 0.6
1 7 0.676 0.595
1 8 0.633 0.57
1 9 0.665 0.585
1 10 0.669 0.595
1 11 0.673 0.5875
1 12 0.662 0.5925
1 13 0.669 0.5875
1 14 0.673 0.595
1 15 0.676 0.59
1 16 0.681 0.595
1 17 0.677 0.59
1 18 0.685 0.6
1 19 0.672 0.6
1 20 0.673 0.59
1 21 0.673 0.5925
1 22 0.673 0.5975
1 23 0.675 0.5925
1 24 0.675 0.595
1 25 0.67 0.595
1 26 0.665 0.5975
1 27 0.672 0.6
1 28 0.675 0.5975
1 29 0.675 0.5875
2 1 0.678 0.585
2 2 0.678 0.6
2 3 0.664 0.5925
2 4 0.686 0.5875
2 5 0.667 0.5875
2 6 0.694 0.6025
2 7 0.677 0.6
2 8 0.691 0.62
2 9 0.683 0.5825
2 10 0.682 0.5925
2 11 0.681 0.595
2 12 0.683 0.5875
2 13 0.681 0.58
2 14 0.681 0.5925
2 15 0.688 0.6
2 16 0.683 0.6
2 17 0.69 0.5975
2 18 0.68 0.595
2 19 0.69 0.6
2 20 0.684 0.5925
2 21 0.688 0.5875
2 22 0.691 0.5925
2 23 0.676 0.605
2 24 0.685 0.5925
2 25 0.682 0.5975
2 26 0.687 0.5925
2 27 0.688 0.59
2 28 0.682 0.5925
2 29 0.68 0.595
3 1 0.669 0.595
3 2 0.685 0.5825
3 3 0.682 0.6
3 4 0.702 0.5775
3 5 0.698 0.605
3 6 0.707 0.6075
3 7 0.682 0.585
3 8 0.697 0.585
3 9 0.684 0.5975
3 10 0.693 0.61
3 11 0.709 0.595
3 12 0.702 0.5975
3 13 0.694 0.6025
3 14 0.7 0.6175
3 15 0.689 0.59
3 16 0.705 0.5975
3 17 0.698 0.5975
3 18 0.696 0.61
3 19 0.701 0.61
3 20 0.699 0.5875
3 21 0.713 0.6
3 22 0.708 0.605
3 23 0.702 0.6
3 24 0.699 0.5975
3 25 0.702 0.615
3 26 0.705 0.595
3 27 0.691 0.6025
3 28 0.696 0.58
3 29 0.704 0.61
4 1 0.679 0.575
4 2 0.699 0.6125
4 3 0.717 0.58
4 4 0.727 0.5825
4 5 0.708 0.6125
4 6 0.722 0.5925
4 7 0.718 0.585
4 8 0.725 0.6
4 9 0.713 0.595
4 10 0.723 0.6275
4 11 0.736 0.615
4 12 0.715 0.615
4 13 0.719 0.6
4 14 0.722 0.5975
4 15 0.727 0.6225
4 16 0.731 0.5925
4 17 0.73 0.6175
4 18 0.724 0.6125
4 19 0.718 0.61
4 20 0.722 0.6025
4 21 0.715 0.6075
4 22 0.735 0.6075
4 23 0.729 0.6125
4 24 0.723 0.59
4 25 0.729 0.6225
4 26 0.717 0.605
4 27 0.716 0.615
4 28 0.722 0.59
4 29 0.713 0.5975
5 1 0.675 0.57
5 2 0.715 0.565
5 3 0.733 0.56
5 4 0.749 0.5725
5 5 0.746 0.6075
5 6 0.757 0.5975
5 7 0.731 0.62
5 8 0.732 0.61
5 9 0.763 0.605
5 10 0.753 0.625
5 11 0.747 0.585
5 12 0.748 0.6
5 13 0.739 0.61
5 14 0.76 0.6025
5 15 0.76 0.6175
5 16 0.764 0.6075
5 17 0.747 0.6025
5 18 0.755 0.57
5 19 0.764 0.5975
5 20 0.757 0.5975
5 21 0.747 0.605
5 22 0.769 0.59
5 23 0.764 0.59
5 24 0.76 0.6125
5 25 0.759 0.605
5 26 0.769 0.62
5 27 0.766 0.615
5 28 0.761 0.62
5 29 0.759 0.595
6 1 0.713 0.5725
6 2 0.77 0.5575
6 3 0.764 0.57
6 4 0.771 0.6025
6 5 0.777 0.625
6 6 0.783 0.5875
6 7 0.784 0.6
6 8 0.789 0.57
6 9 0.792 0.6025
6 10 0.793 0.595
6 11 0.79 0.5925
6 12 0.791 0.59
6 13 0.781 0.595
6 14 0.777 0.59
6 15 0.794 0.5775
6 16 0.795 0.5925
6 17 0.775 0.61
6 18 0.794 0.58
6 19 0.793 0.6
6 20 0.792 0.61
6 21 0.802 0.6075
6 22 0.805 0.585
6 23 0.811 0.595
6 24 0.803 0.6275
6 25 0.802 0.605
6 26 0.794 0.595
6 27 0.8 0.6025
6 28 0.79 0.6075
6 29 0.797 0.6125
7 1 0.724 0.56
7 2 0.782 0.5625
7 3 0.79 0.565
7 4 0.805 0.5625
7 5 0.816 0.5875
7 6 0.823 0.585
7 7 0.821 0.5975
7 8 0.834 0.6125
7 9 0.833 0.5825
7 10 0.849 0.58
7 11 0.862 0.5975
7 12 0.84 0.6075
7 13 0.831 0.5825
7 14 0.861 0.57
7 15 0.836 0.6075
7 16 0.849 0.6125
7 17 0.841 0.62
7 18 0.84 0.61
7 19 0.853 0.595
7 20 0.848 0.59
7 21 0.837 0.5875
7 22 0.844 0.595
7 23 0.86 0.6075
7 24 0.858 0.61
7 25 0.841 0.61
7 26 0.841 0.595
7 27 0.84 0.585
7 28 0.85 0.6075
7 29 0.859 0.6
8 1 0.727 0.555
8 2 0.787 0.5675
8 3 0.815 0.5925
8 4 0.846 0.56
8 5 0.86 0.565
8 6 0.857 0.585
8 7 0.857 0.585
8 8 0.885 0.5875
8 9 0.856 0.5975
8 10 0.876 0.5875
8 11 0.88 0.6
8 12 0.882 0.6
8 13 0.877 0.5575
8 14 0.875 0.625
8 15 0.879 0.565
8 16 0.892 0.605
8 17 0.914 0.5925
8 18 0.892 0.605
8 19 0.898 0.61
8 20 0.885 0.59
8 21 0.89 0.615
8 22 0.884 0.59
8 23 0.887 0.575
8 24 0.888 0.595
8 25 0.907 0.5775
8 26 0.904 0.5975
8 27 0.916 0.5975
8 28 0.896 0.605
8 29 0.91 0.6125
9 1 0.765 0.5025
9 2 0.822 0.56
9 3 0.843 0.545
9 4 0.859 0.575
9 5 0.902 0.5725
9 6 0.919 0.5725
9 7 0.889 0.58
9 8 0.911 0.585
9 9 0.914 0.58
9 10 0.909 0.6025
9 11 0.905 0.59
9 12 0.908 0.605
9 13 0.92 0.58
9 14 0.925 0.5825
9 15 0.927 0.5925
9 16 0.934 0.575
9 17 0.901 0.6075
9 18 0.939 0.59
9 19 0.926 0.5925
9 20 0.926 0.6025
9 21 0.94 0.58
9 22 0.929 0.5975
9 23 0.926 0.58
9 24 0.949 0.5875
9 25 0.943 0.6075
9 26 0.941 0.6
9 27 0.933 0.605
9 28 0.936 0.6075
9 29 0.943 0.59
10 1 0.767 0.565
10 2 0.851 0.545
10 3 0.872 0.5725
10 4 0.889 0.56
10 5 0.918 0.6125
10 6 0.929 0.5775
10 7 0.927 0.5775
10 8 0.932 0.605
10 9 0.939 0.5525
10 10 0.932 0.5725
10 11 0.938 0.5925
10 12 0.94 0.6225
10 13 0.931 0.585
10 14 0.941 0.5525
10 15 0.961 0.5825
10 16 0.943 0.5725
10 17 0.948 0.57
10 18 0.949 0.5775
10 19 0.966 0.5975
10 20 0.963 0.6025
10 21 0.968 0.5875
10 22 0.964 0.5725
10 23 0.963 0.585
10 24 0.963 0.5975
10 25 0.959 0.59
10 26 0.959 0.59
10 27 0.963 0.5975
10 28 0.974 0.6
10 29 0.97 0.5925
11 1 0.793 0.525
11 2 0.812 0.5275
11 3 0.895 0.5375
11 4 0.905 0.5675
11 5 0.924 0.545
11 6 0.918 0.5875
11 7 0.932 0.5925
11 8 0.947 0.57
11 9 0.938 0.57
11 10 0.96 0.5925
11 11 0.973 0.5825
11 12 0.956 0.5775
11 13 0.967 0.6125
11 14 0.961 0.565
11 15 0.974 0.57
11 16 0.965 0.59
11 17 0.969 0.585
11 18 0.975 0.56
11 19 0.978 0.5925
11 20 0.98 0.5775
11 21 0.98 0.6025
11 22 0.978 0.5875
11 23 0.97 0.5925
11 24 0.972 0.565
11 25 0.971 0.5775
11 26 0.984 0.6
11 27 0.988 0.6075
11 28 0.991 0.585
11 29 0.982 0.61
12 1 0.819 0.54
12 2 0.833 0.5875
12 3 0.89 0.56
12 4 0.913 0.54
12 5 0.937 0.525
12 6 0.938 0.5375
12 7 0.959 0.605
12 8 0.962 0.555
12 9 0.964 0.5825
12 10 0.963 0.58
12 11 0.963 0.5775
12 12 0.976 0.5875
12 13 0.983 0.565
12 14 0.976 0.5775
12 15 0.98 0.575
12 16 0.982 0.595
12 17 0.977 0.58
12 18 0.986 0.5775
12 19 0.985 0.5725
12 20 0.984 0.6
12 21 0.98 0.575
12 22 0.992 0.595
12 23 0.989 0.6
12 24 0.986 0.57
12 25 0.996 0.585
12 26 0.995 0.5775
12 27 0.994 0.575
12 28 0.991 0.5775
12 29 0.992 0.59
13 1 0.818 0.56
13 2 0.845 0.55
13 3 0.907 0.5525
13 4 0.914 0.5825
13 5 0.937 0.535
13 6 0.96 0.56
13 7 0.964 0.5825
13 8 0.957 0.6075
13 9 0.978 0.5675
13 10 0.967 0.5825
13 11 0.98 0.57
13 12 0.977 0.56
13 13 0.978 0.6
13 14 0.986 0.5625
13 15 0.986 0.555
13 16 0.987 0.5875
13 17 0.99 0.6025
13 18 0.989 0.5925
13 19 0.995 0.5925
13 20 0.992 0.585
13 21 0.984 0.565
13 22 0.997 0.58
13 23 0.992 0.5875
13 24 0.993 0.5975
13 25 0.993 0.6075
13 26 0.998 0.5825
13 27 0.998 0.605
13 28 0.994 0.605
13 29 0.996 0.5575
14 1 0.838 0.5175
14 2 0.848 0.5475
14 3 0.903 0.56
14 4 0.932 0.5575
14 5 0.944 0.55
14 6 0.959 0.545
14 7 0.952 0.5875
14 8 0.971 0.57
14 9 0.972 0.5575
14 10 0.979 0.54
14 11 0.984 0.5825
14 12 0.983 0.58
14 13 0.994 0.5575
14 14 0.992 0.5775
14 15 0.991 0.59
14 16 0.992 0.5675
14 17 0.99 0.57
14 18 0.996 0.5925
14 19 0.993 0.59
14 20 0.995 0.5675
14 21 0.993 0.605
14 22 0.994 0.5675
14 23 0.998 0.565
14 24 0.997 0.59
14 25 0.996 0.575
14 26 0.997 0.5775
14 27 0.993 0.6075
14 28 0.995 0.5725
14 29 0.997 0.5725
15 1 0.85 0.52
15 2 0.841 0.555
15 3 0.917 0.5175
15 4 0.909 0.55
15 5 0.942 0.545
15 6 0.945 0.575
15 7 0.967 0.5575
15 8 0.969 0.545
15 9 0.982 0.5375
15 10 0.973 0.56
15 11 0.991 0.5875
15 12 0.985 0.5775
15 13 0.989 0.5975
15 14 0.987 0.5925
15 15 0.995 0.5725
15 16 0.994 0.595
15 17 0.997 0.6
15 18 0.994 0.5875
15 19 0.996 0.565
15 20 0.997 0.5725
15 21 0.999 0.565
15 22 0.996 0.56
15 23 0.998 0.5575
15 24 0.995 0.5775
15 25 0.997 0.595
15 26 0.996 0.585
15 27 0.999 0.5775
15 28 1.0 0.59
15 29 0.998 0.58
16 1 0.849 0.51
16 2 0.823 0.5375
16 3 0.922 0.545
16 4 0.932 0.5475
16 5 0.948 0.56
16 6 0.943 0.5875
16 7 0.975 0.5725
16 8 0.974 0.555
16 9 0.985 0.535
16 10 0.984 0.5475
16 11 0.985 0.5875
16 12 0.983 0.59
16 13 0.991 0.5575
16 14 0.987 0.5825
16 15 0.991 0.5775
16 16 0.991 0.5675
16 17 0.998 0.5575
16 18 0.999 0.5725
16 19 0.995 0.5625
16 20 0.999 0.5975
16 21 0.997 0.5725
16 22 0.999 0.5875
16 23 0.999 0.565
16 24 0.999 0.5775
16 25 0.998 0.57
16 26 0.997 0.5875
16 27 1.0 0.5925
16 28 0.997 0.5875
16 29 0.999 0.545
17 1 0.815 0.5225
17 2 0.843 0.5025
17 3 0.923 0.575
17 4 0.923 0.535
17 5 0.959 0.58
17 6 0.963 0.59
17 7 0.967 0.5675
17 8 0.975 0.6225
17 9 0.976 0.5975
17 10 0.984 0.5625
17 11 0.99 0.58
17 12 0.993 0.5675
17 13 0.991 0.5625
17 14 0.99 0.595
17 15 0.993 0.5575
17 16 0.992 0.5925
17 17 0.99 0.59
17 18 0.997 0.5775
17 19 0.998 0.5725
17 20 0.999 0.5775
17 21 0.994 0.605
17 22 0.999 0.595
17 23 0.998 0.5825
17 24 0.997 0.57
17 25 0.999 0.56
17 26 1.0 0.54
17 27 0.999 0.575
17 28 0.999 0.5725
17 29 1.0 0.5825
18 1 0.839 0.505
18 2 0.849 0.51
18 3 0.917 0.53
18 4 0.92 0.555
18 5 0.958 0.535
18 6 0.956 0.56
18 7 0.968 0.57
18 8 0.972 0.5825
18 9 0.978 0.6125
18 10 0.978 0.57
18 11 0.987 0.5575
18 12 0.987 0.575
18 13 0.988 0.5325
18 14 0.994 0.575
18 15 0.995 0.5775
18 16 0.995 0.5825
18 17 0.995 0.6125
18 18 0.998 0.59
18 19 0.996 0.575
18 20 0.994 0.5625
18 21 0.998 0.585
18 22 0.998 0.59
18 23 0.997 0.575
18 24 0.998 0.605
18 25 0.998 0.5675
18 26 0.997 0.575
18 27 0.999 0.585
18 28 0.999 0.5725
18 29 0.997 0.575
19 1 0.827 0.5375
19 2 0.827 0.525
19 3 0.93 0.55
19 4 0.925 0.5625
19 5 0.938 0.57
19 6 0.957 0.5675
19 7 0.961 0.565
19 8 0.972 0.5725
19 9 0.979 0.57
19 10 0.976 0.56
19 11 0.993 0.6175
19 12 0.984 0.55
19 13 0.989 0.59
19 14 0.988 0.595
19 15 0.989 0.5675
19 16 0.997 0.5675
19 17 0.996 0.575
19 18 0.993 0.5775
19 19 0.993 0.5875
19 20 0.994 0.5925
19 21 0.991 0.575
19 22 0.993 0.5575
19 23 1.0 0.58
19 24 0.998 0.605
19 25 0.996 0.6125
19 26 0.998 0.5675
19 27 0.999 0.565
19 28 0.997 0.56
19 29 0.998 0.5825
